20131101
20131104
20131105
20131106
20131107
20131108
20131111
20131112
20131113
20131114
20131115
20131118
20131119
20131120
20131121
20131122
20131125
20131126
20131127
20131129
20131202
20131203
20131204
20131205
20131206
20131209
20131210
20131211
20131212
20131213
20131216
20131217
20131218
20131219
20131220
20131223
20131224
20131226
20131227
20131230
20131231
20140101
20140102
20140103
20140106
20140107
20140108
20140109
20140110
20140113
20140114
20140115
20140116
20140117
20140120
20140121
20140122
20140123
20140124
20140127
20140128
20140129
20140130
20140131
