20130701
20130702
20130703
20130705
20130708
20130709
20130710
20130711
20130712
20130715
20130716
20130717
20130718
20130719
20130722
20130723
20130724
20130725
20130726
20130729
20130730
20130731
20130801
20130802
20130805
20130806
20130807
20130808
20130809
20130812
20130813
20130814
20130815
20130816
20130819
20130820
20130821
20130822
20130823
20130826
20130827
20130828
20130829
20130830
20130903
20130904
20130905
20130906
20130909
20130910
20130911
20130912
20130913
20130916
20130917
20130918
20130919
20130920
20130923
20130924
20130925
20130926
20130927
20130930
20131001
20131002
20131003
20131004
20131007
20131008
20131009
20131010
20131011
20131014
20131015
20131016
20131017
20131018
20131021
20131022
20131023
20131024
20131025
20131028
20131029
20131030
20131031
20131101
20131104
20131105
20131106
20131107
20131108
20131111
20131112
20131113
20131114
20131115
20131118
20131119
20131120
20131121
20131122
20131125
20131126
20131127
20131129
20131202
20131203
20131204
20131205
20131206
20131209
